0.0602247 0.2388462 0.9859868 0.2388462 0.0602247
0.2388462 0.4933199 0.2388462 0.7254644 0.4933199
0.2388462 0.2388462 0.0602247 0.4933199 0.9549375
0.4933199 0.2388462 0.4933199 0.2388462 0.7254644
0.4933199 0.0602247 0.7254644 0.7254644 0.0602247
0.4933199 0.4933199 0.2388462 0.7254644 0.4933199
0.0602247 0.4933199 0.2388462 0.0602247 0.0602247
0.2388462 0.0602247 0.8779833 0.2388462 0.2388462
0.2388462 0.7254644 0.0602247 0.2388462 0.0602247
0.2388462 0.2388462 0.4933199 0.8779833 0.7254644
0.9999709 0.9859868 0.0602247 0.2388462 0.9991528
0.4933199 0.9859868 0.9549375 0.4933199 0.4933199
0.4933199 0.9859868 0.9549375 0.8779833 0.4933199
0.9998321 0.0602247 0.9962866 0.2388462 0.0602247
0.7254644 0.9859868 0.4933199 0.9991528 0.9859868
0.7254644 0.9962866 0.9859868 0.8779833 0.2388462
0.7254644 0.9549375 0.0602247 0.7254644 0.0602247
0.9859868 0.8779833 0.0602247 0.8779833 0.7254644
0.8779833 0.9962866 0.4933199 0.8779833 0.9549375
0.2388462 0.9991528 0.9859868 0.7254644 0.0602247
0.0602247 0.9549375 0.7254644 0.4933199 0.8779833
0.8779833 0.0602247 0.2388462 0.7254644 0.4933199
0.0602247 0.0602247 0.8779833 0.4933199 0.8779833
0.4933199 0.0602247 0.9549375 0.4933199 0.0602247
0.8779833 0.2388462 0.2388462 0.2388462 0.4933199
0.4933199 0.2388462 0.2388462 0.4933199 0.0602247
0.7254644 0.0602247 0.4933199 0.4933199 0.4933199
0.4933199 0.4933199 0.4933199 0.4933199 0.0602247
0.2388462 0.4933199 0.2388462 0.8779833 0.9998321
0.0602247 0.8779833 0.9998321 0.9549375 0.9998321
0.9962866 0.7254644 0.4933199 0.7254644 0.9999994
0.9999709 0.9859868 0.7254644 1 0.4933199
0.9999709 0.9549375 0.0602247 0.9859868 0.9998321
0.2388462 0.9999999 0.9991528 0.9962866 0.9991528
0.9999709 0.9549375 0.8779833 0.8779833 0.9549375
0.0602247 0.9859868 0.0602247 0.9998321 0.9859868
0.4933199 0.9549375 0.9962866 0.9549375 0.9991528
0.2388462 0.9549375 0.9859868 0.9549375 0.9998321
0.2388462 0.2388462 0.9999709 0.4933199 0.9962866
0.9991528 0.7254644 0.4933199 0.2388462 0.9998321
0.9998321 0.7254644 0.4933199 0.9549375 0.2388462
0.9962866 0.7254644 0.0602247 0.8779833 0.9859868
0.7254644 0.9999956 0.8779833 0.8779833 0.9859868
0.8779833 0.9549375 0.7254644 0.7254644 0.9859868
0.0602247 0.9549375 0.0602247 0.9962866 0.8779833
0.8779833 0.9859868 0.8779833 0.8779833 0.9991528
0.2388462 0.4933199 0.7254644 0.9962866 0.9991528
0.0602247 0.2388462 0.2388462 0.0602247 0.0602247
0.2388462 0.0602247 0.0602247 0.2388462 0.2388462
0.0602247 0.0602247 0.2388462 0.0602247 0.0602247
0.0602247 0.0602247 0.2388462 0.0602247 0.0602247
0.2388462 0.0602247 0.2388462 0.2388462 0.2388462
0.0602247 0.0602247 0.0602247 0.2388462 0.0602247
0.2388462 0.0602247 0.0602247 0.0602247 0.2388462
0.0602247 0.2388462 0.0602247 0.2388462 0.0602247
0.0602247 0.0602247 0.0602247 0.0602247 0.4933199
0.2388462 0.7254644 0.2388462 0.0602247 0.2388462
0.0602247 0.0602247 0.7254644 0.2388462 0.0602247
0.7254644 0.0602247 0.2388462 0.2388462 0.2388462
0.2388462 0.7254644 0.0602247 0.9549375 0.4933199
0.2388462 0.4933199 0.8779833 0.4933199 0.4933199
0.2388462 0.2388462 0.0602247 0.2388462 0.0602247
0.7254644 0.2388462 0.2388462 0.0602247 0.4933199
0.0602247 0.4933199 0.2388462 0.2388462 0.0602247
0.4933199 0.2388462 0.8779833 0.9859868 0.9859868
0.8779833 0.4933199 0.2388462 0.9549375 0.9999956
0.4933199 0.4933199 0.9998321 0.2388462 0.9859868
0.8779833 0.0602247 0.9549375 0.9549375 0.0602247
0.9999709 0.7254644 0.8779833 0.9859868 0.9859868
0.9549375 0.4933199 0.2388462 0.9962866 0.0602247
0.9859868 0.0602247 0.9991528 0.8779833 0.9549375
0.4933199 0.9549375 0.8779833 0.9991528 0.2388462
0.4933199 0.8779833 0.7254644 0.9991528 0.7254644
0.7254644 0.4933199 0.0602247 0.0602247 0.8779833
0.7254644 0.0602247 0.0602247 0.9962866 0.4933199
0.7254644 0.2388462 0.2388462 0.7254644 0.7254644
0.0602247 0.9549375 0.4933199 0.9549375 0.7254644
0.9549375 0.9549375 0.2388462 0.4933199 0.4933199
0.0602247 0.7254644 0.0602247 0.7254644 0.4933199
0.4933199 0.4933199 0.8779833 0.2388462 0.8779833
0.0602247 0.2388462 0.2388462 0.4933199 0.8779833
0.9549375 0.7254644 0.2388462 0.0602247 0.9859868
0.9962866 0.4933199 0.2388462 0.9962866 0.0602247
0.9999709 0.9549375 0.0602247 0.4933199 0.9549375
0.2388462 0.9999709 0.9859868 0.4933199 0.8779833
0.8779833 0.9859868 0.4933199 0.2388462 0.9859868
0.0602247 0.2388462 0.0602247 0.9998321 0.9859868
0.2388462 0.7254644 0.9859868 0.4933199 0.9962866
0.2388462 0.7254644 0.4933199 0.8779833 0.9991528
0.2388462 0.0602247 0.2388462 0.9962866 0.8779833
0.2388462 0.0602247 0.7254644 0.2388462 0.8779833
0.7254644 0.0602247 0.4933199 0.7254644 0.2388462
0.9859868 0.7254644 0.7254644 0.8779833 0.2388462
0.8779833 0.4933199 0.8779833 0.7254644 0.0602247
0.8779833 0.0602247 0.9549375 0.8779833 0.2388462
0.2388462 0.7254644 0.4933199 0.7254644 0.2388462
0.7254644 0.4933199 0.7254644 0.9962866 0.2388462
0.2388462 0.2388462 0.4933199 0.0602247 0.0602247
0.4933199 0.4933199 0.7254644 0.2388462 0.0602247
0.8779833 0.4933199 0.0602247 0.8779833 0.0602247
0.2388462 0.4933199 0.4933199 0.0602247 0.0602247
0.0602247 0.7254644 0.0602247 0.4933199 0.0602247
0.2388462 0.0602247 0.7254644 0.4933199 0.2388462
0.7254644 0.2388462 0.0602247 0.0602247 0.0602247
0.2388462 0.4933199 0.0602247 0.0602247 0.4933199
0.2388462 0.2388462 0.2388462 0.0602247 0.4933199
0.0602247 0.0602247 0.4933199 0.8779833 0.0602247
0.7254644 0.2388462 0.0602247 0.4933199 0.4933199
0.0602247 0.2388462 0.0602247 0.4933199 0.0602247
0.0602247 0.0602247 0.7254644 0.2388462 0.0602247
0.4933199 0.2388462 0.2388462 0.4933199 0.0602247
0.2388462 0.0602247 0.2388462 0.7254644 0.2388462
0.2388462 0.2388462 0.0602247 0.2388462 0.0602247
0.2388462 0.2388462 0.0602247 0.2388462 0.4933199
0.0602247 0.7254644 0.4933199 0.2388462 0.2388462
0.2388462 0.2388462 0.0602247 0.0602247 0.4933199
0.0602247 0.2388462 0.0602247 0.0602247 0.0602247
0.0602247 0.2388462 0.0602247 0.4933199 0.0602247
0.0602247 0.2388462 0.2388462 0.2388462 0.0602247
0.9859868 0.4933199 0.2388462 0.9549375 0.2388462
0.9859868 0.7254644 0.0602247 0.7254644 0.8779833
0.4933199 0.9998321 0.9549375 0.9859868 0.9962866
0.8779833 0.9549375 0.7254644 0.7254644 0.8779833
0.0602247 0.8779833 0.0602247 0.9859868 0.9859868
0.2388462 0.4933199 0.9549375 0.7254644 0.9962866
0.0602247 0.4933199 0.8779833 0.7254644 0.9859868
0.8779833 0.4933199 0.9991528 0.4933199 0.9991528
0.7254644 0.0602247 0.9962866 0.9859868 0.0602247
0.9999709 0.9859868 0.9549375 0.9962866 0.9991528
0.7254644 0.7254644 0.4933199 0.9549375 0.0602247
0.9549375 0.0602247 0.9998321 0.8779833 0.8779833
0.9549375 0.9962866 0.7254644 0.9991528 0.2388462
0.8779833 0.4933199 0.9991528 0.9859868 0.2388462
0.9549375 0.0602247 0.9549375 0.0602247 0.0602247
0.2388462 0.8779833 0.0602247 0.8779833 0.2388462
0.4933199 0.4933199 0.7254644 0.0602247 0.2388462
0.2388462 0.2388462 0.2388462 0.4933199 0.0602247
0.7254644 0.2388462 0.0602247 0.7254644 0.0602247
0.2388462 0.7254644 0.2388462 0.8779833 0.2388462
0.4933199 0.2388462 0.4933199 0.0602247 0.4933199
0.2388462 0.0602247 0.2388462 0.2388462 0.0602247
0.2388462 0.4933199 0.0602247 0.4933199 0.7254644
0.2388462 0.0602247 0.2388462 0.2388462 0.0602247
0.0602247 0.0602247 0.4933199 0.4933199 0.2388462
0.2388462 0.2388462 0.2388462 0.4933199 0.0602247
0.2388462 0.2388462 0.0602247 0.7254644 0.4933199
0.9962866 0.8779833 0.2388462 0.9549375 0.9962866
0.0602247 0.9999956 0.9549375 0.9859868 0.9859868
0.9999709 0.8779833 0.7254644 0.7254644 0.9549375
0.0602247 0.9859868 0.0602247 0.9962866 0.8779833
0.7254644 0.9859868 0.9859868 0.2388462 0.9962866
0.2388462 0.8779833 0.8779833 0.9549375 0.9859868
0.4933199 0.0602247 0.0602247 0.4933199 0.2388462
0.0602247 0.4933199 0.0602247 0.2388462 0.2388462
0.4933199 0.0602247 0.2388462 0.0602247 0.2388462
0.0602247 0.2388462 0.0602247 0.0602247 0.0602247
0.4933199 0.4933199 0.4933199 0.2388462 0.0602247
0.0602247 0.0602247 0.0602247 0.7254644 0.0602247
0.4933199 0.0602247 0.9549375 0.9962866 0.0602247
0.9991528 0.7254644 0.7254644 0.8779833 0.9859868
0.7254644 0.8779833 0.2388462 0.9859868 0.2388462
0.7254644 0.0602247 0.9991528 0.8779833 0.2388462
0.9549375 0.9549375 0.9549375 0.9962866 0.2388462
0.9549375 0.4933199 0.9549375 0.9998321 0.0602247
0.2388462 0.4933199 0.2388462 0.7254644 0.7254644
0.2388462 0.4933199 0.4933199 0.2388462 0.0602247
0.2388462 0.4933199 0.0602247 0.4933199 0.0602247
0.4933199 0.8779833 0.2388462 0.4933199 0.8779833
0.2388462 0.4933199 0.0602247 0.2388462 0.2388462
0.2388462 0.8779833 0.0602247 0.2388462 0.0602247
0.2388462 0.0602247 0.2388462 0.2388462 0.2388462
0.2388462 0.0602247 0.2388462 0.0602247 0.0602247
0.2388462 0.0602247 0.2388462 0.0602247 0.0602247
0.0602247 0.0602247 0.0602247 0.0602247 0.0602247
0.0602247 0.0602247 0.2388462 0.0602247 0.8779833
0.0602247 0.9962866 0.8779833 0.7254644 0.9549375
0.9859868 0.2388462 0.4933199 0.4933199 0.8779833
0.0602247 0.7254644 0.0602247 0.9549375 0.2388462
0.8779833 0.8779833 0.7254644 0.4933199 0.8779833
0.0602247 0.4933199 0.0602247 0.7254644 0.9549375
0.2388462 0.9999956 0.8779833 0.7254644 0.9991528
0.9549375 0.4933199 0.8779833 0.2388462 0.9859868
0.0602247 0.4933199 0.0602247 0.9991528 0.4933199
0.0602247 0.8779833 0.7254644 0.7254644 0.9549375
0.2388462 0.7254644 0.2388462 0.9549375 0.9859868
0.2388462 0.2388462 0.0602247 0.4933199 0.0602247
0.2388462 0.0602247 0.2388462 0.0602247 0.0602247
0.0602247 0.0602247 0.0602247 0.2388462 0.0602247
0.0602247 0.2388462 0.2388462 0.0602247 0.0602247
0.0602247 0.0602247 0.0602247 0.2388462 0.9998321
0.9859868 0.9999709 0.9999956 0.9962866 0.9549375
0.7254644 0.9999956 0.0602247 0.9549375 0.0602247
0.9999994 0.9549375 0.7254644 0.9549375 0.9859868
0.8779833 0.9998321 0.2388462 0.8779833 0.7254644
0.9962866 0.9962866 0.7254644 0.9859868 0.9859868
0.9549375 0.4933199 0.7254644 0.9549375 0.0602247
0.4933199 0.0602247 0.9549375 0.9549375 0.4933199
0.7254644 0.8779833 0.4933199 0.8779833 0.2388462
0.4933199 0.7254644 0.4933199 0.9859868 0.9549375
0.9549375 0.4933199 0.0602247 0.7254644 0.7254644
0.0602247 0.9549375 0.0602247 0.7254644 0.4933199
0.4933199 0.4933199 0.8779833 0.4933199 0.8779833
0.0602247 0.7254644 0.2388462 0.7254644 0.2388462
0.9859868 0.7254644 0.4933199 0.8779833 0.9859868
0.0602247 0.8779833 0.0602247 0.9991528 0.4933199
0.4933199 0.4933199 0.9549375 0.8779833 0.7254644
0.0602247 0.4933199 0.2388462 0.7254644 0.9859868
0.8779833 0.4933199 0.7254644 0.9549375 0.0602247
0.8779833 0.0602247 0.9859868 0.8779833 0.7254644
0.8779833 0.9549375 0.4933199 0.9962866 0.2388462
0.8779833 0.2388462 0.8779833 0.9859868 0.2388462
0.4933199 0.4933199 0.0602247 0.4933199 0.0602247
0.8779833 0.8779833 0.2388462 0.0602247 0.8779833
0.2388462 0.8779833 0.0602247 0.2388462 0.7254644
0.7254644 0.9859868 0.0602247 0.7254644 0.0602247
0.0602247 0.0602247 0.8779833 0.4933199 0.2388462
0.2388462 0.4933199 0.0602247 0.8779833 0.0602247
0.0602247 0.2388462 0.7254644 0.7254644 0.0602247
0.0602247 0.7254644 0.0602247 0.8779833 0.2388462
0.2388462 0.2388462 0.2388462 0.2388462 0.2388462
0.2388462 0.4933199 0.2388462 0.2388462 0.7254644
0.0602247 0.4933199 0.0602247 0.9859868 0.7254644
0.4933199 0.7254644 0.7254644 0.8779833 0.9859868
0.0602247 0.2388462 0.2388462 0.8779833 0.7254644
0.0602247 0.0602247 0.0602247 0.0602247 0.0602247
0.0602247 0.0602247 0.0602247 0.0602247 0.0602247
0.0602247 0.0602247 0.0602247 0.0602247 0.0602247
0.7254644 0.4933199 0.4933199 0.7254644 0.7254644
0.4933199 0.2388462 0.2388462 0.7254644 0.7254644
0.7254644 0.7254644 0.0602247 0.0602247 0.0602247
0.0602247 0.0602247 0.0602247 0.0602247 0.0602247
0.0602247 0.0602247 0.0602247 0.0602247 0.8779833
0.2388462 0.4933199 0.8779833 0.4933199 0.9962866
0.2388462 0.8779833 0.4933199 0.8779833 0.9998321
0.2388462 0.4933199 0.8779833 0.2388462 0.9859868
0.0602247 0.7254644 0.4933199 0.2388462 0.9859868
0.4933199 0.2388462 0.2388462 0.4933199 0.0602247
0.0602247 0.0602247 0.4933199 0.2388462 0.2388462
0.4933199 0.9549375 0.2388462 0.4933199 0.4933199
0.9549375 0.4933199 0.2388462 0.9549375 0.0602247
0.4933199 0.7254644 0.7254644 0.9549375 0.2388462
0.0602247 0.2388462 0.2388462 0.2388462 0.4933199
0.2388462 0.7254644 0.7254644 0.8779833 0.9549375
0.2388462 0.2388462 0.0602247 0.2388462 0.0602247
0.2388462 0.7254644 0.2388462 0.7254644 0.4933199
